SelCoeff FST TD_EAS TD_NAM
115 0.253485 0.107201 -1.027128
291 0.156416 -0.979328 1.963916
224 0.243074 0.830495 1.169968
267 0.174648 -0.811396 0.436300
144 0.126162 -0.757177 0.904596
192 0.241981 0.010302 -0.214537
15 0.253767 0.395975 -1.441130
94 0.015913 -1.012744 0.589275
192 0.197998 -1.072125 -0.713531
167 0.074243 -1.828710 -0.786061
233 0.247045 0.669043 2.355211
264 0.174841 1.007230 -0.397106
171 0.096236 -0.763119 0.412127
112 -0.000526 0.356620 1.076057
118 0.121235 -1.251053 0.119870
273 0.723795 -2.363245 -0.646236
126 0.363048 1.626581 -0.125023
255 0.422207 -0.655914 -0.954777
48 0.228489 -1.142343 0.099227
170 0.251292 -0.817965 0.595873
94 0.050253 -1.067137 0.512568
17 0.168929 0.708531 -1.651585
262 0.246836 -2.418128 -1.893984
233 0.232476 0.350318 2.679446
143 0.089642 0.921374 0.204776
233 0.241368 0.482607 3.098322
56 0.619485 -0.778627 -0.744164
131 0.472862 -1.436306 -1.839674
138 0.083436 -1.335936 -1.843733
288 0.201774 -0.253721 1.777272
204 -0.036786 -0.507538 0.504091
247 0.321202 1.781254 -2.560030
280 0.225719 -0.424808 1.438548
37 0.113775 -0.777631 0.774427
218 0.242931 2.904287 -0.762493
69 0.078979 -1.049862 -1.308283
139 0.264161 -0.508523 -0.685806
100 0.061825 1.183505 -0.756918
230 0.254911 -1.782933 1.426701
265 0.165133 -0.439922 -1.746798
39 0.171875 -0.243233 -0.799966
106 0.082815 -0.787709 1.171177
35 0.198344 1.033557 2.334156
26 0.183411 -0.221431 -0.606825
36 0.104209 1.701680 2.002286
220 0.574400 -0.631038 -0.075128
291 0.155385 -1.254424 0.564655
61 0.082332 1.643349 0.504732
209 0.133568 -0.674711 1.384868
158 0.076587 -0.205570 1.688153
291 0.197354 -1.052680 -0.347057
263 0.334488 0.984010 -1.932316
103 0.101683 0.481919 0.015309
49 -0.004284 -0.322222 1.847673
228 0.724875 -1.407076 -1.853881
195 0.227452 -2.094520 0.328629
48 0.285854 -0.530313 0.135650
178 0.251782 0.716948 2.714976
56 0.607089 -1.014185 -0.492575
231 0.207060 -1.954982 1.396151
35 0.187388 1.435107 1.937872
161 0.431440 0.034766 -1.186293
136 0.010203 -2.134019 0.339413
74 0.197350 -1.906900 0.640351
140 0.193807 -1.756044 -0.874876
11 0.052998 -1.188795 -2.171286
267 0.219168 0.613476 -0.600391
286 0.143449 -1.293324 -1.216051
209 0.123449 -0.754061 1.317941
97 0.061294 0.493204 -1.020428
234 0.169701 -1.506237 0.417292
101 0.216633 0.159216 1.664363
135 0.524657 2.310066 -0.089349
256 0.216286 -0.392080 -1.035512
47 0.201766 0.223631 -0.406404
95 0.024007 -1.002990 0.959851
294 0.551932 1.862996 0.329654
117 0.189330 0.028511 0.853214
233 0.247585 0.667034 2.413210
140 0.200513 -1.787921 -1.741119
84 -0.002012 0.600807 -1.128965
231 0.248624 -1.868546 1.550223
231 0.202462 -2.024782 -0.419663
201 0.410894 1.586186 -0.707170
123 0.146735 -1.318183 0.438423
254 0.295523 1.118178 -1.908516
256 0.197140 0.386033 -1.779175
218 0.247165 2.210336 -0.202283
154 0.172796 2.764253 0.167813
6 0.231904 0.033222 2.395929
201 0.400542 2.088952 -0.329261
195 0.240865 -1.867067 1.862070
264 0.180588 1.077105 -0.573190
42 0.144507 -0.760559 -0.356422
129 0.306511 0.046150 -1.183055
289 0.241187 -1.696711 0.821631
129 0.343249 0.351102 -0.985652
192 0.192302 -0.874706 -0.018445
271 0.180718 0.369321 -0.986999
96 0.033913 -0.940554 2.774623
222 0.656509 -0.600796 -1.422403
201 0.380257 1.807599 -0.405568
265 0.180065 0.216169 -1.521435
100 0.054296 0.964136 -0.104937
119 0.076238 0.286160 2.765009
21 0.185676 -0.417559 0.941206
49 -0.001129 -0.652734 1.210587
264 0.179119 0.894711 -0.572779
121 0.198626 -0.476465 -2.167181
206 0.073854 -0.855956 -0.176350
196 0.226057 0.373010 1.266315
56 0.608052 -0.436241 -0.369451
106 0.107491 -1.160423 0.720649
162 0.052863 -1.271219 -1.722050
26 0.162032 -1.104145 -0.598780
189 0.132774 -1.996577 -0.432123
136 0.032324 -2.062379 -1.196605
8 0.024030 -0.780827 -0.853725
114 0.240402 -1.567479 -0.310949
275 0.035704 -1.792399 -2.515804
109 0.075916 2.223452 0.447932
63 0.017898 0.483534 0.043340
119 0.070429 -0.374347 2.354871
197 0.208148 0.567716 -0.611342
257 0.225358 -0.419890 -1.073370
155 0.174823 2.583742 0.205706
4 0.245832 0.212477 1.994873
62 0.215187 -1.300589 1.349986
67 -0.004734 1.362763 2.177270
62 0.170482 -1.126500 -0.556492
78 0.128057 0.923303 0.383629
118 0.168425 0.404729 0.225831
205 0.402670 2.166488 -1.075173
184 0.465605 0.549768 0.627003
28 0.205220 -0.513490 0.145871
174 0.253471 0.091176 -0.863458
91 0.222439 0.272383 0.478492
230 0.236262 -1.739419 1.523853
114 0.216257 -1.597795 -0.420789
30 0.151288 -0.018112 0.831414
265 0.156247 -0.445687 1.023151
0 0.066820 -0.413055 2.314068
100 0.056748 1.137785 -0.512944
163 0.130305 -1.865345 0.469227
253 0.110769 -1.231533 -1.462695
211 0.123408 -0.816991 1.199204
77 0.128299 0.867020 0.477405
54 0.074900 0.579623 -1.298505
38 0.189431 -0.006402 -0.246777
106 0.101896 -0.628680 0.287394
165 0.178866 -0.637463 1.121117
32 -0.004685 1.506536 1.692215
81 0.052088 -2.075895 -1.372509
254 0.288580 0.708867 -1.139758
130 0.364092 1.160813 -0.706986
29 0.021923 0.223000 0.578399
81 0.064056 -1.977938 -2.049641
56 0.653339 -0.802542 -0.247996
282 0.052005 -1.553459 -2.007840
284 0.241748 -0.736870 -0.956284
170 0.296839 -0.450587 0.528502
188 0.157333 -2.068406 -0.180390
122 0.341465 -2.077784 -0.356996
280 0.223468 1.067888 1.613591
212 0.133629 -0.949329 1.490267
150 0.156619 0.158673 2.238218
65 0.130661 0.763771 1.869792
157 0.108754 0.610885 0.600739
28 0.179006 -1.097352 0.397132
42 0.219480 -0.467923 0.084963
67 -0.024080 0.967496 2.360363
210 0.112047 -0.987665 0.827469
134 0.421715 -1.252585 0.083907
53 0.100455 1.568126 1.657904
85 0.085991 -1.779605 -1.696499
238 0.314026 -1.898215 1.191722
200 0.305220 -1.672620 0.625949
145 0.103468 1.131090 -1.139349
108 0.107522 0.127691 -0.067335
253 0.111646 -1.259592 -1.786290
196 0.156672 -1.105035 -0.499718
156 0.500640 0.840253 -1.803478
266 0.482748 0.633935 -0.646579
176 0.204188 -1.488520 -1.926729
162 0.142228 0.476152 -0.584129
249 0.285282 -0.289918 1.124314
94 0.039712 -1.345195 1.256000
252 0.148631 0.528635 -1.259425
201 0.376927 1.744044 0.300028
2 0.016577 -1.273950 -0.257917
262 0.191989 -2.444884 -1.578340
96 0.023848 -1.528950 0.786663
176 0.201863 -1.697504 -1.987206
107 0.094030 2.770619 0.891439
34 0.126237 -1.416544 0.385310
40 0.129370 0.063324 1.433409
148 0.418621 -1.163026 1.182064
161 0.434697 0.085784 -1.293346
272 0.176350 0.713412 -0.691867
226 0.450263 -0.815869 -0.100646
70 0.350071 -2.331294 2.107168
163 0.136792 -1.274317 -0.440018
165 0.155823 -0.592843 1.015420
278 0.211620 0.097781 -0.139687
141 0.242815 -1.021398 -1.167841
112 0.011897 -0.197628 1.139103
19 0.177541 0.537087 -0.126617
132 0.226128 -0.263381 1.416237
43 0.070758 0.777507 0.448120
216 0.710021 1.160501 -0.106780
226 0.473245 -0.553984 0.386484
155 0.190437 2.823961 0.795560
139 0.249166 -1.049562 -0.305871
7 0.242209 -0.019994 2.465983
273 0.745611 -2.412619 -0.172104
59 0.035496 1.757851 1.142598
99 0.195126 1.228687 0.255804
268 0.392460 0.982197 -0.874850
165 0.145025 -0.435402 1.153683
71 0.335012 -0.439345 2.318161
227 0.291665 -0.868191 -2.119562
155 0.170426 2.523289 0.448940
127 0.561041 1.886815 -1.082677
124 0.105183 -2.007181 -0.200976
176 0.228758 -1.239845 -1.913474
248 0.262312 -1.166049 -0.618130
217 0.184360 -0.545761 1.583703
176 0.209937 -1.227913 -2.108101
15 0.280295 0.225246 -1.423392
216 0.710206 1.008176 -0.784836
212 0.114081 -1.139928 0.913637
204 -0.038319 -0.898839 0.437780
247 0.324817 2.560631 -2.514471
295 0.564537 1.817990 0.352514
279 0.068360 0.219602 1.502672
22 0.174608 -0.115254 0.094089
287 0.465322 -1.670848 1.072783
239 0.437968 0.876137 -1.053086
245 0.287689 1.025691 -0.154708
65 0.134184 0.907732 1.510424
229 0.024062 -1.812459 -1.271291
131 0.544665 -0.142899 -1.910326
123 0.085072 -1.522016 1.175734
48 0.270625 -1.070958 1.330451
203 0.398264 1.848585 0.397233
229 0.049876 -1.682792 -0.688532
287 0.571099 -0.740010 0.791138
134 0.419288 -0.670559 0.092017
135 0.528215 2.402380 -1.423933
60 0.231394 -1.206099 0.989321
118 0.134455 -0.988865 0.467181
243 0.113854 -1.956451 1.384428
66 0.086768 -0.997991 -2.084902
140 0.205415 -1.079551 -0.792427
37 0.104471 -0.711690 0.104357
38 0.199622 -0.211718 -0.368403
232 0.222036 -0.861689 1.201412
80 0.082644 -1.627122 -1.332987
53 0.080924 1.217312 2.365563
269 0.389301 -1.840743 -2.336874
122 0.295513 -1.784910 -0.017353
249 0.300790 0.246286 0.277585
169 0.057955 -1.225035 -0.108976
167 0.059196 -1.658958 0.358485
2 0.048490 -1.030054 -0.165160
247 0.308349 2.221113 -2.583718
143 0.092570 -0.173213 -0.646099
45 0.027289 2.149639 1.317049
204 -0.037915 -0.345686 0.587788
95 0.040385 -1.112562 0.533024
263 0.302694 -0.783470 -2.147117
191 0.674779 -2.370634 0.722391
221 0.607676 -0.511543 -1.920975
200 0.280170 -1.658412 0.092036
139 0.224058 -1.270569 0.045102
218 0.232314 2.394289 -0.271002
66 0.107425 -1.242493 -1.603051
281 0.203967 0.104757 -0.314431
260 0.461938 1.650959 -0.954407
190 0.370264 1.666276 -1.823311
245 0.289291 1.092698 0.036628
243 0.140908 -1.898923 0.239382
92 0.121742 -1.623333 -0.652517
143 0.107083 0.983080 -0.130778
210 0.129479 -0.923691 0.597742
174 0.227157 -0.058780 0.883031
264 0.178013 1.069462 -0.705384
159 0.093553 0.214930 1.169906
218 0.231161 2.685382 -0.196749
281 0.214974 0.370176 0.408794
186 0.154591 -2.060154 -0.277545
181 0.932954 -1.328492 -2.018758
58 0.044296 -0.421695 -0.847236
176 0.198118 -1.549563 -1.962236
188 0.201951 -1.824600 0.531728
28 0.237604 -0.970188 -0.345029
2 0.006482 -1.241223 -0.069319
179 0.143442 0.157386 -0.262995
17 0.177778 1.068823 -0.857400
54 0.078850 -0.054765 0.041334
122 0.311382 -2.064478 -0.388324
279 0.070331 0.127060 1.857357
238 0.296404 -1.823137 1.073875
48 0.247882 -1.088163 0.592819
244 0.267954 -1.814578 0.692113
278 0.211812 0.262308 -0.687698
289 0.237329 -1.638590 0.865658
79 0.103049 0.449110 0.274730
123 0.102359 0.280190 0.629127
29 0.011510 0.213703 1.330053
292 0.361768 -1.736813 -1.500384
180 0.569308 -0.996838 0.634930
273 0.738657 -2.420294 -0.067914
107 0.078872 2.257081 1.043654
75 0.135014 -0.281132 -0.252125
218 0.240666 2.474276 -0.408237
37 0.131593 -1.364014 1.159968
68 0.218547 0.092033 2.034856
54 0.055145 -0.593419 -1.053790
162 0.090539 -1.253993 -0.062054
108 0.092662 1.468472 0.773736
101 0.214156 -0.657591 0.739448
102 0.021399 -0.750257 -0.863116
25 0.002028 -1.250084 1.554916
98 0.079419 0.060860 -0.376539
217 0.198049 -0.856429 2.086583
103 0.053955 -0.310591 -0.511395
33 0.093851 -0.607957 0.483344
144 0.151091 1.332654 -0.196314
265 0.167885 -0.165623 -0.837772
164 0.178237 -0.553277 1.176315
168 0.615659 -1.112973 0.768493
131 0.520640 -0.847502 -0.850839
279 0.072363 -0.053348 1.719711
128 0.388355 0.987492 -1.137364
245 0.265132 0.606944 0.126764
278 0.210926 0.037775 1.490110
175 0.601127 1.458790 -0.873438
43 0.060173 0.480389 0.483823
61 0.057795 1.038316 1.018561
35 0.192419 1.457140 0.731949
222 0.607598 -0.766470 -1.869413
57 0.076847 1.018313 1.007354
27 -0.005807 -1.343095 0.901052
187 0.177209 -2.094481 0.248243
160 0.071543 -0.490491 1.075251
137 0.154274 -1.886482 -1.090402
105 0.220573 0.667280 0.018576
240 0.090249 -1.880497 -0.564212
202 0.391913 1.501175 -0.434868
135 0.524803 2.273997 -0.112686
214 0.240747 0.753287 2.862405
159 0.090568 -1.177955 1.133031
57 0.092133 0.284903 1.274461
217 0.207172 -0.744879 2.089185
29 0.018231 0.086410 0.550977
211 0.155063 -0.757649 -0.000723
213 0.136470 -0.620120 0.214087
74 0.217844 -1.935412 0.106313
94 0.024937 -0.900245 -0.446742
99 0.196971 1.087181 1.354424
92 0.096706 -1.790846 -0.410511
176 0.194135 -1.198023 -1.978587
29 0.011875 0.114621 0.949769
167 0.065887 -1.887254 0.745374
193 0.264933 0.190172 -0.341362
215 0.298698 1.708064 -2.439566
110 0.048313 1.096469 2.247680
45 0.029236 1.724025 0.106612
251 0.515278 0.608328 -1.737314
82 0.538954 -1.106435 0.773077
82 0.514145 -1.003716 1.094918
58 0.022592 -0.501804 -0.909256
195 0.202281 -1.956957 2.099804
149 0.348001 -0.723560 -0.058886
178 0.227790 0.338517 2.249314
157 0.092582 -0.072703 1.209010
109 0.067323 2.100095 0.670573
244 0.280944 -1.595124 -1.298425
43 0.076937 -0.038095 0.412285
7 0.226576 -0.277951 2.484235
88 0.180866 -0.808706 1.472539
113 0.049390 -1.185329 -0.933873
109 0.051609 1.393991 0.693620
204 -0.033591 -0.582570 0.684220
151 0.532415 -2.138505 0.928458
148 0.444892 -0.529168 1.118150
65 0.147805 0.523303 3.109161
98 0.072654 -0.661419 -0.418932
5 0.241220 0.187412 2.214836
190 0.363832 1.655575 -1.724783
213 0.141070 -0.572616 0.944690
284 0.316104 -0.766929 -1.353600
139 0.255494 -0.638084 -1.021451
224 0.259690 1.281266 2.022028
240 0.088517 -1.592823 -0.794944
64 0.159942 0.385188 0.039854
292 0.401101 -1.900274 -0.901661
7 0.261656 -0.212380 1.574512
196 0.203064 -0.437233 0.012285
259 0.396140 0.621520 -0.124140
193 0.156811 -1.251444 -0.803921
115 0.260361 -0.478241 -1.089087
264 0.200175 0.935279 -0.918005
234 0.187713 -1.385604 -0.447014
46 0.020283 -1.244407 1.589876
174 0.262527 0.177507 0.455462
179 0.152393 0.097475 1.073638
284 0.272658 -0.927815 -1.079058
128 0.385842 0.452872 -0.916767
246 0.210079 0.983518 2.168278
83 0.040488 0.454331 2.174316
152 0.232764 -1.732087 -0.431571
60 0.264731 -1.142860 1.713793
221 0.585634 -1.558224 -1.608158
167 0.067150 -1.821337 -0.154368
184 0.474011 0.400657 0.748070
73 0.199252 -0.756507 0.113538
209 0.116828 -0.991760 0.486236
17 0.178110 0.688945 -0.483549
171 0.121148 0.748351 0.055185
184 0.440957 -0.149441 0.412002
61 0.055016 0.794600 0.576246
143 0.130510 0.675613 -0.089200
60 0.264747 -1.298085 0.967600
295 0.528349 1.568741 -0.101651
193 0.192832 -0.748250 -0.794593
186 0.193668 -2.256014 -0.195425
158 0.067485 -0.662279 0.624783
2 0.030445 -0.374443 0.341455
41 0.188598 1.231892 0.528928
179 0.166803 0.611681 0.943601
204 -0.036829 -0.592204 0.682279
26 0.141865 -0.923550 -0.320694
105 0.232507 0.808996 -0.079808
18 0.170563 0.411527 -0.243425
26 0.188759 -0.539384 -0.029941
256 0.220989 0.233698 -0.561673
108 0.083130 0.289992 0.694962
11 0.075364 -1.030550 -1.785024
274 0.543715 -0.774504 -0.690081
137 0.192221 -1.642021 -1.014890
17 0.169351 0.322402 -1.586441
290 0.053784 -1.936818 0.080783
103 0.097451 0.190797 0.892432
107 0.103118 2.979196 1.115286
214 0.226655 0.901649 3.380296
8 -0.024936 -0.433922 -0.853197
166 0.469586 -0.925186 -1.445474
99 0.191455 1.502187 1.209619
296 0.482713 0.024584 -1.894259
159 0.099349 -0.324901 0.758259
1 0.013256 -0.602093 0.066283
8 0.042865 -0.835782 -0.639527
200 0.252124 -1.764525 0.237185
59 0.013927 2.331897 2.409306
31 0.156983 -0.035812 1.238188
59 0.023889 0.655386 1.893423
211 0.098221 -0.887646 0.479130
207 0.299165 0.367802 -0.426727
86 0.101972 -0.233717 -0.552250
161 0.438092 0.271632 -1.240754
78 0.118425 0.388036 0.407321
133 0.223966 -0.655803 -1.076287
103 0.074282 -0.118125 1.226223
119 0.086231 0.021513 2.363039
286 0.166323 -1.224850 -1.012964
107 0.081106 2.570637 0.675288
148 0.455425 -1.108046 0.982112
240 0.082777 -1.686680 -0.581357
228 0.732293 -1.291758 -0.217497
58 0.043167 -0.286314 -0.776721
64 0.174990 0.802639 -0.458117
100 0.064041 1.215054 -0.504062
203 0.390739 1.508508 0.214248
225 0.214108 -1.680367 -1.011234
286 0.185775 -1.252738 -1.374373
34 0.117576 -0.777714 0.508578
66 0.116100 0.445341 -1.825697
287 0.451777 -1.956062 1.833490
223 0.556818 -1.182223 -0.165355
235 0.060097 -1.457102 -1.073627
133 0.208895 -0.158807 -0.759097
74 0.175679 -1.858140 0.514892
203 0.383206 1.567391 -0.614060
124 0.122781 -2.100523 0.243185
153 0.185801 2.463738 0.561214
157 0.088908 0.321245 1.408790
207 0.294626 0.678643 -0.229050
194 0.147176 -0.047883 -1.250684
252 0.121213 -0.192567 -0.246892
76 0.132504 0.387877 0.583506
203 0.382860 1.250518 -0.906066
104 0.100756 0.604305 0.320966
13 0.083766 -0.919087 -2.095978
49 -0.003563 -0.043103 1.824640
175 0.602573 0.410284 -0.503258
257 0.231053 -0.172821 -1.088372
81 0.027214 -1.887512 -1.935396
210 0.133177 -1.161278 1.163663
70 0.335595 -2.379071 2.352916
267 0.192933 -0.496790 0.004945
258 0.502977 -0.478254 0.348636
208 0.141368 -0.679138 0.765058
23 0.102967 -1.145654 2.539094
238 0.321604 -1.763398 0.958787
100 0.076352 1.417395 -0.432137
231 0.259467 -1.859918 1.519337
45 0.017003 1.805446 0.592460
115 0.203530 -0.903010 -0.878457
105 0.192808 0.598354 0.585835
143 0.087929 0.299446 -0.424066
116 0.301029 -1.476148 -0.742558
42 0.153474 -0.878830 -0.470613
127 0.569710 1.856658 0.272426
224 0.250464 0.774386 1.456219
30 0.140689 -0.598975 0.245912
157 0.095295 -0.404944 0.787264
21 0.161779 0.886548 1.933704
112 0.014579 0.216421 1.227564
240 0.065083 -2.081020 -0.615632
239 0.455480 1.817021 0.850422
282 0.147255 -1.536260 0.942356
166 0.488865 -0.943404 -1.452786
55 0.342016 -0.968568 0.319214
275 0.046497 -1.727881 -2.505169
166 0.440157 -1.200384 -1.337056
78 0.135872 -0.042924 0.558230
2 0.012206 -1.044284 -0.355638
208 0.124491 -0.688158 0.322274
248 0.268904 -1.635187 -1.201341
57 0.103724 1.308497 1.444585
83 0.042344 0.050673 2.208403
279 0.070364 0.046996 1.351968
125 0.131772 0.061935 0.920199
29 0.014827 0.334327 1.004776
89 0.229213 2.019753 -2.146351
208 0.120334 -0.449615 1.144483
70 0.322827 -2.294516 2.392601
31 0.145457 0.020886 1.733254
213 0.137248 -0.672531 1.143485
212 0.142885 -0.155134 1.023313
44 0.230336 -1.087410 0.431618
223 0.552640 -1.431043 -0.755413
286 0.148236 -1.257736 -0.792042
165 0.188122 -0.753748 1.202544
93 0.155798 -1.324032 -0.366435
31 0.162366 -0.062963 0.052666
231 0.275557 -1.869813 -0.933343
244 0.213091 -1.990023 -1.148612
106 0.084353 -0.270821 0.620698
128 0.411914 0.883223 -1.841938
296 0.475497 0.432378 -1.910458
218 0.224644 2.163780 -0.493239
126 0.348180 0.533111 -0.924224
47 0.203476 -0.559136 0.014059
68 0.257768 0.503865 1.792202
8 0.014365 -1.080211 -0.701866
20 0.163234 0.486018 -1.099739
138 0.081386 -1.201763 -0.410111
285 0.419052 -0.533781 -0.833545
137 0.132205 -1.969276 -1.087387
16 0.279514 0.886819 -0.839417
136 0.020557 -2.104123 0.735300
296 0.483051 0.628230 -2.193171
216 0.711752 1.802098 -0.487853
263 0.354989 -0.122388 -1.161427
189 0.178632 -2.222534 -0.423397
214 0.222119 0.998200 2.693981
26 0.162949 -0.143948 -0.132371
44 0.294804 -0.467665 0.361143
112 0.003014 -0.155669 0.953968
149 0.376955 -1.056754 -0.413663
68 0.261935 -0.198124 2.007405
101 0.250570 -0.073108 1.411310
120 0.314398 -1.364050 0.556615
78 0.138019 0.841158 0.785032
39 0.203702 -1.058993 -0.291670
208 0.123017 -0.943976 0.533673
90 0.234351 -0.350036 1.305353
18 0.172216 0.596969 -0.672482
202 0.380279 1.524959 -0.331828
69 0.070911 -1.493028 -1.322709
72 0.332032 0.119217 2.087296
118 0.157493 -1.430208 0.057445
6 0.239741 -0.200561 2.091805
181 0.926060 -1.575620 -2.121281
58 0.041545 0.692365 -0.875962
66 0.114933 -0.557337 -1.274498
122 0.301267 -1.829342 0.229929
298 0.618142 -0.341434 -1.314739
193 0.148103 0.040647 -1.396675
293 0.211500 -0.387250 -1.706851
153 0.174904 2.562893 0.390313
213 0.120062 -1.107862 0.636584
205 0.389696 1.734227 -0.974802
186 0.137669 -2.086234 -0.856446
264 0.175608 1.881407 -0.462875
62 0.145162 0.057142 -0.184207
46 0.015921 -1.352421 0.196177
198 0.407921 -0.778218 -2.515493
124 0.088981 -2.142403 1.658058
203 0.385620 1.946476 -0.572958
297 0.644132 -1.095742 -0.650234
206 0.096657 -0.814543 -0.210025
5 0.243263 -0.464612 2.362832
21 0.243964 -0.301660 1.769626
37 0.118983 -0.603763 -0.239212
229 0.060303 -1.743239 0.971165
139 0.228602 -1.166106 -1.406237
127 0.576291 1.783849 -1.862172
223 0.601240 -1.013171 -0.133765
250 0.096444 -1.580923 -0.090005
69 0.110996 -0.999917 -0.374054
98 0.110905 -0.358296 -1.754188
238 0.304062 -1.914005 2.323565
98 0.042705 -0.820904 -1.081510
278 0.206752 0.004683 -0.529760
225 0.325292 -0.317090 0.047554
17 0.157983 0.575734 -0.400251
62 0.186437 -0.142913 0.529066
189 0.146342 -2.202553 -0.752344
214 0.226325 0.909125 2.677775
128 0.373504 0.877658 -1.740022
296 0.485755 0.323758 -2.146071
252 0.148932 -0.233861 -0.345773
250 0.091311 -1.271630 -1.363753
288 0.195004 -0.582166 1.771830
55 0.365835 -1.118725 -0.427459
217 0.218283 -0.874493 2.241474
170 0.226805 -0.399297 0.761602
173 0.255420 0.568970 -1.513626
203 0.386364 1.632398 -0.324707
123 0.066485 -1.170413 0.518364
22 0.180731 -0.121573 -0.442587
44 0.266722 -0.484175 0.248290
222 0.625355 -0.972012 -1.387304
281 0.214849 0.367134 0.130669
256 0.209761 -0.499119 -1.396738
224 0.253553 0.346429 1.857383
236 0.102544 -0.920266 -1.661018
23 0.132982 -0.678848 2.095943
157 0.133826 0.585733 1.603579
89 0.263527 1.875123 -2.543919
255 0.404637 -1.259933 -0.945029
113 0.030887 -1.444552 -0.912053
9 0.116003 -1.078488 -1.277680
253 0.088783 -1.473562 -1.930318
284 0.290103 -0.956470 -0.773330
50 0.022150 -0.325300 1.410757
252 0.174315 -0.048674 -1.144293
227 0.377674 -0.685395 -0.519393
37 0.130491 -1.025280 1.882778
146 0.106994 -0.641801 -1.011920
200 0.288775 -1.833913 0.820531
105 0.190283 0.648230 -0.321797
109 0.059484 1.911941 0.921920
105 0.234548 0.626615 0.359168
239 0.455809 1.208682 -0.862008
2 0.044711 -1.378310 -0.324816
67 -0.004807 1.304660 2.336025
261 0.651563 -0.049158 -0.160477
216 0.720892 1.982894 -0.841395
45 0.018871 1.332551 0.654773
217 0.190458 -1.289693 2.285226
145 0.111942 -0.809751 -0.154224
133 0.168043 -1.238684 -0.941297
43 0.117879 -0.566836 0.518523
94 0.028049 -1.030074 -0.015872
38 0.205331 -0.783056 -0.152941
64 0.171834 0.544634 -0.286236
180 0.589819 -1.095664 -1.053522
169 0.042152 -1.394019 -1.306798
87 0.115413 -1.162506 0.813284
290 0.051349 -1.579590 0.073290
85 0.107089 -1.491907 0.937908
89 0.260969 1.563631 -2.493082
102 0.032962 -0.191442 -1.063892
191 0.680867 -2.403023 0.636563
149 0.382826 -0.842796 -0.401446
158 0.066464 -0.286582 0.990869
19 0.162678 0.251623 -0.311357
141 0.272610 -0.819929 -0.510115
66 0.081303 -1.277501 -1.181204
152 0.208376 -1.730572 -0.784355
277 0.003825 -1.314004 1.239842
131 0.471464 -1.537945 -2.049053
124 0.102735 -2.113838 1.493122
70 0.333925 -2.307750 2.222459
166 0.474128 -0.833004 -1.771742
40 0.070243 -0.343360 2.104098
259 0.384632 1.382521 0.054678
73 0.164032 -0.079650 0.957204
22 0.161430 -1.042118 -0.318244
290 0.064754 -2.199706 0.108082
106 0.106932 0.212504 1.357041
220 0.551269 -0.303551 -0.186719
71 0.318246 -0.200303 2.107419
135 0.540899 1.887988 -0.088021
258 0.548490 -0.701540 0.336981
298 0.625145 -0.549071 -1.270949
33 0.116138 -0.613342 0.830666
183 0.410960 -0.218492 -1.493512
24 0.103107 1.611397 3.041048
118 0.101808 -1.069978 0.148123
101 0.224508 -0.931211 1.212827
11 0.100293 -0.287497 -1.593435
229 0.030783 -1.870134 2.015734
175 0.596122 1.219988 -0.498918
151 0.572545 -2.123354 0.693736
237 0.212340 -1.006660 -1.307855
229 0.041827 -1.174972 1.970641
196 0.201789 -0.862673 -0.872036
7 0.244105 0.054396 2.405314
242 0.059000 -1.743431 0.458389
170 0.227013 -0.078373 0.149943
272 0.193486 0.204973 -0.993353
33 0.091970 -0.919056 0.512920
296 0.470503 0.491195 -1.923362
244 0.263712 -1.913309 -1.547327
160 0.070429 -0.543723 1.316697
49 0.004102 -0.632182 1.348193
187 0.144719 -2.210177 -0.882362
204 -0.034489 -0.818530 0.575955
206 0.095348 -0.260277 0.134113
16 0.276392 0.001923 -1.481313
43 0.104069 0.689017 0.510410
87 0.125345 -1.123595 0.674563
103 0.134649 0.361626 0.705656
283 0.796900 -1.234675 -1.338352
42 0.174116 -1.691478 -0.085197
86 0.113471 -0.167515 0.549953
183 0.422423 0.110720 -1.421047
204 -0.035977 -0.481650 0.539754
207 0.341332 1.981943 -0.786051
47 0.197070 -0.141892 -0.176934
152 0.246684 -1.476538 -0.825356
179 0.151948 0.303857 0.860605
222 0.685989 -0.516741 -0.590855
47 0.210904 -0.656046 -0.109682
38 0.213724 -0.193451 -0.410729
14 0.071495 -0.331801 -1.165853
81 0.089966 -0.904618 -1.516267
256 0.206805 -0.452815 -1.609479
31 0.116570 -0.123635 0.659406
257 0.248074 0.133981 -0.960698
123 0.137339 0.551184 0.158639
246 0.225678 0.852115 1.861555
44 0.268520 -0.649626 1.466265
198 0.479590 -0.425739 -2.407971
121 0.230419 -0.417305 -2.166986
274 0.580974 0.283744 -0.033796
3 0.016134 -0.999773 0.075530
155 0.187753 2.915624 0.824491
46 0.027411 -1.342970 2.167425
200 0.326818 -1.647757 0.310569
143 0.077509 0.273956 -0.301902
263 0.289897 -0.028841 -2.150396
224 0.253500 0.830767 1.036269
21 0.201089 -1.177192 1.212093
143 0.082609 0.930717 -0.535408
38 0.206870 0.501131 -0.355570
133 0.179130 -0.865684 -1.648386
96 0.032755 -1.474661 0.357724
243 0.115312 -1.848874 -0.133996
142 0.107520 0.111180 -0.454697
75 0.113104 -0.193117 0.588254
125 0.103080 -0.652056 0.492926
291 0.137025 -0.506780 -0.971891
161 0.433263 0.202574 -1.219581
239 0.459402 1.786641 0.190249
245 0.289201 0.906217 -0.351712
147 0.363188 -0.933151 0.067739
58 0.036112 -0.177409 -0.659723
134 0.401585 -1.532304 0.548598
107 0.106019 2.535064 1.155214
270 0.318931 -0.380443 -1.768578
109 0.075903 1.846208 0.648039
88 0.194494 -0.527853 1.450074
122 0.324409 -1.931808 -0.132221
96 0.032393 -1.286126 1.581254
61 0.058044 0.759873 0.311640
288 0.250124 -0.670641 1.301587
198 0.432314 -1.391544 -2.522202
233 0.253661 0.252482 2.961940
211 0.122575 -0.695533 1.071436
100 0.065225 1.588981 -0.431048
54 0.080214 -0.391485 -0.318248
41 0.176757 1.228428 1.217999
155 0.183045 2.662091 0.918154
28 0.239212 -0.948461 -0.097311
253 0.133117 -1.575808 -0.560598
112 0.009763 -0.059363 0.851057
9 0.101927 -0.245424 -1.729193
184 0.457037 0.007040 0.474065
64 0.152852 0.070777 -0.524455
113 0.044230 -1.434329 -1.084755
148 0.428662 -1.197320 1.050795
245 0.289727 1.458556 -0.464672
244 0.273955 -1.951410 -0.859576
280 0.194343 -0.100507 0.250259
251 0.560369 0.079533 -2.018978
82 0.530589 -0.782748 0.892291
252 0.174813 -0.322978 -1.068521
13 0.108660 -0.531358 -1.854399
71 0.327029 -0.192439 2.649715
291 0.172966 -0.589671 0.284837
5 0.242437 0.018161 2.393598
163 0.101159 -0.657328 0.126855
86 0.118716 0.357980 -0.552331
286 0.167197 -1.514984 -1.546647
54 0.145376 -0.218423 0.114644
87 0.115360 -0.972101 0.755908
146 0.115527 -1.137311 -0.739621
144 0.117536 -0.446312 -0.740989
114 0.266270 -1.541700 -0.707045
95 0.049688 -0.635191 1.049341
289 0.255000 -1.809305 0.656220
284 0.249588 -1.040950 -1.187364
58 0.038345 -0.301840 -0.614484
190 0.342723 1.145397 -1.749062
138 0.090551 -1.262848 -1.566610
157 0.086784 1.027292 0.501552
9 0.069287 -0.699616 -1.744743
141 0.255890 -0.765487 -1.131942
168 0.638677 -1.380168 0.754504
0 0.090071 -0.214319 1.844488
246 0.216279 0.886849 1.196630
127 0.571714 1.340959 -1.980966
267 0.154384 -0.397446 -0.857865
13 0.054326 -1.004994 -1.855938
147 0.370603 -0.953416 -0.036105
295 0.517037 1.996427 -0.150451
32 -0.009648 1.077673 1.767755
114 0.217211 -1.698487 -0.871638
117 0.216574 -0.447723 1.921677
178 0.237288 0.272079 2.535500
225 0.127760 -1.884362 -1.316772
80 0.059800 -2.011040 -1.425267
104 0.068725 -0.194734 0.695234
185 0.187147 -1.217993 -0.826620
99 0.200219 1.001698 0.867358
233 0.251217 1.052210 2.584356
211 0.115476 -0.505195 -0.487176
50 0.004735 -0.126357 1.954733
100 0.086473 1.174739 -0.662854
138 0.084619 -1.183123 -1.774656
182 0.477550 -1.363322 1.588786
69 0.096066 -1.452152 -1.351324
216 0.704146 0.945528 -0.588631
261 0.599332 -0.509836 -0.459322
76 0.111241 0.262475 -0.160287
192 0.192337 -0.639306 -0.926257
36 0.113616 2.495987 2.108490
232 0.150933 -1.705298 0.334653
17 0.171810 0.716505 -0.954621
210 0.153756 0.455278 0.430443
251 0.500204 -0.108112 -1.818431
122 0.329709 -1.728948 -0.093974
180 0.592572 -1.092410 1.219629
93 0.125807 -1.242680 -0.518233
108 0.065044 -0.377413 -0.145420
41 0.216228 1.416346 1.665681
255 0.402033 -0.610499 -1.471493
178 0.238867 0.499780 2.805192
275 0.033072 -1.622708 -2.524335
291 0.232636 -0.220303 1.081580
155 0.185186 2.841625 -0.026157
68 0.260899 -0.364382 1.906893
283 0.808593 -1.023558 0.709320
202 0.384334 0.825664 -0.614829
114 0.231372 -1.429682 -0.091882
269 0.367367 -2.115374 -2.369791
201 0.404757 2.194666 -0.358298
251 0.507439 0.283965 -1.957262
270 0.268110 -0.355684 -1.755559
242 0.069203 -1.277818 -1.151682
152 0.203984 -1.397935 -1.904510
80 0.068283 -0.633726 -1.062916
247 0.322662 2.296745 -2.513716
190 0.358623 1.021537 -1.714983
250 0.100074 -1.438776 -0.874679
14 0.065003 -1.313586 -1.713492
98 0.046717 -0.928044 -0.931102
61 0.049208 0.915189 1.262842
4 0.248187 -0.066735 2.171087
251 0.524780 -0.114660 -1.816755
212 0.146813 -0.946645 1.116165
282 0.113474 -0.281024 0.350436
172 0.238544 -0.237672 -0.320140
152 0.228157 -1.705438 -1.745939
294 0.544643 1.406097 -0.324587
153 0.185555 2.568838 0.655955
57 0.089925 0.971323 1.319337
288 0.228311 -0.200349 1.744378
132 0.175005 -1.046857 0.227272
68 0.240749 -0.657414 2.136175
230 0.258232 -1.777370 0.738015
50 -0.014740 -0.239180 1.503899
220 0.557941 -0.286555 0.065660
94 0.024399 -0.618567 0.494606
109 0.049823 2.421050 0.925492
289 0.194087 -1.343672 -0.048680
76 0.117308 0.560826 -0.365607
130 0.345348 0.279774 0.858578
154 0.186238 2.839142 0.197776
182 0.509822 -1.230287 0.770957
22 0.169619 -0.984292 0.024205
46 0.019090 -1.525936 0.819332
293 0.204971 0.066483 -0.660770
199 0.426853 -1.164099 -2.456868
293 0.221491 -0.121335 -1.161917
61 0.054662 1.336255 0.761498
101 0.185059 -0.857485 0.451946
228 0.723985 -1.550998 -0.695900
52 0.119535 -1.139027 1.659238
48 0.233643 -0.146122 0.490851
56 0.630025 -0.784972 -0.544895
156 0.503700 1.388819 -1.472282
24 0.124114 2.535382 2.571604
65 0.131409 0.858531 1.514498
188 0.153739 -2.220663 -1.065698
55 0.320174 -1.356484 -0.320674
4 0.260110 -0.322035 2.482168
284 0.274151 -0.762090 -1.263823
135 0.550337 2.584228 -0.088466
287 0.443392 -1.693927 0.449529
199 0.462105 -1.557659 -2.338570
243 0.091737 -2.080291 -0.923244
24 0.096730 1.545681 2.543557
69 0.070596 -0.936519 -1.564922
159 0.081450 -0.938342 1.612530
178 0.246720 0.498913 2.575740
237 0.196430 -0.968993 -0.955622
48 0.237602 -0.686327 1.541584
32 -0.017066 1.178745 0.424598
90 0.227313 0.396422 0.128380
153 0.183160 2.452302 0.846848
8 -0.012068 -1.013051 -0.877043
60 0.264400 -1.451497 0.714410
27 0.001182 -1.110595 1.149303
262 0.216325 -2.473499 -1.658537
85 0.147845 -1.125044 -0.180861
220 0.523496 -0.782754 -0.359349
162 0.095938 -0.786194 -0.160255
159 0.058983 -0.842612 0.327033
123 0.154911 -0.771073 0.277465
233 0.253412 0.447523 3.000608
294 0.553114 1.592066 -0.140761
140 0.203238 -1.675049 -0.757678
275 0.036874 -1.672791 -2.454067
51 0.079426 -0.244331 1.004115
180 0.601542 -0.553107 1.005793
107 0.108045 2.581844 0.625727
164 0.163974 -0.708885 1.111083
109 0.058209 1.441952 0.822839
229 0.061553 -1.660796 2.032528
114 0.232808 -1.562302 -0.216444
203 0.387111 1.799516 -0.079987
208 0.121059 -0.840052 0.721941
216 0.718572 1.649556 -0.127736
196 0.265766 -0.247075 2.149337
100 0.055827 1.455854 -0.231480
217 0.191956 -0.927111 1.680908
169 0.039209 -1.884778 -0.700497
60 0.268635 -1.161599 0.903263
144 0.116585 -0.402803 -1.256929
113 0.035346 -1.245409 -1.137914
118 0.158480 -0.498325 0.670186
196 0.227623 -0.235511 0.349108
257 0.237648 0.285328 -0.533446
236 0.128651 -1.445198 -0.070735
70 0.327674 -2.364027 2.412714
253 0.119053 -1.637644 -0.558417
254 0.289979 0.661102 -0.759154
180 0.567979 -1.104909 0.898529
144 0.083872 -0.474802 -0.074579
297 0.620094 -1.249296 1.237103
226 0.477499 -1.134868 0.697498
233 0.231888 0.749366 2.968856
176 0.202631 -1.369630 -1.935215
8 0.085442 1.227250 -0.579570
173 0.225178 -0.502281 -0.504929
67 -0.002004 1.495431 2.458199
286 0.136682 -1.157795 -1.668787
264 0.171660 1.169839 -0.605263
252 0.173362 -0.397062 -1.094871
192 0.149846 -0.703593 0.372024
299 0.542922 -1.368280 -0.706698
207 0.335471 0.460236 -0.857014
39 0.188446 -0.614930 -0.245932
149 0.388872 -0.947763 -0.284679
255 0.369552 -0.815229 -1.605142
49 -0.003970 -0.212785 1.512657
179 0.155385 0.275779 0.933009
288 0.196582 -0.174511 1.865726
181 0.921428 -1.238985 -1.976772
73 0.181694 -0.263107 -0.661094
180 0.559771 -1.341231 -0.304364
46 0.025046 -1.425224 0.745086
